100, 10, 11688800, B
100, 10, 29600, G
100, 10, 275400, D
100, 11, 26366100, B
100, 11, 41500, G
100, 11, 288100, D
100, 12, 55713100, B
100, 12, 37000, G
100, 12, 331400, D
100, 13, 121559700, B
100, 13, 32600, G
100, 13, 330600, D
100, 14, 254558600, B
100, 14, 32700, G
100, 14, 410500, D
100, 15, 551531100, B
100, 15, 33700, G
100, 15, 381800, D
100, 16, 1136369400, B
100, 16, 36900, G
100, 16, 436400, D
100, 17, 2427481300, B
100, 17, 35000, G
100, 17, 443400, D
100, 18, 5247963600, B
100, 18, 38800, G
100, 18, 565500, D
110, 10, 12521400, B
110, 10, 29600, G
110, 10, 317800, D
110, 11, 27107600, B
110, 11, 37400, G
110, 11, 341000, D
110, 12, 59180800, B
110, 12, 34900, G
110, 12, 380900, D
110, 13, 127502000, B
110, 13, 34700, G
110, 13, 388900, D
110, 14, 274400600, B
110, 14, 39800, G
110, 14, 441500, D
110, 15, 570691700, B
110, 15, 38100, G
110, 15, 479100, D
110, 16, 1216080100, B
110, 16, 32500, G
110, 16, 495000, D
110, 17, 2565191300, B
110, 17, 37500, G
110, 17, 578900, D
110, 18, 5490295400, B
110, 18, 41200, G
110, 18, 565000, D
120, 10, 13501300, B
120, 10, 32300, G
120, 10, 385000, D
120, 11, 29345400, B
120, 11, 35000, G
120, 11, 401000, D
120, 12, 63421800, B
120, 12, 37600, G
120, 12, 445400, D
120, 13, 137283800, B
120, 13, 33700, G
120, 13, 489700, D
120, 14, 279631100, B
120, 14, 37300, G
120, 14, 485700, D
120, 15, 602335800, B
120, 15, 43100, G
120, 15, 544800, D
120, 16, 1254408800, B
120, 16, 44700, G
120, 16, 603500, D
120, 17, 2664939900, B
120, 17, 45000, G
120, 17, 602800, D
120, 18, 5651137600, B
120, 18, 44700, G
120, 18, 674800, D
130, 10, 14026700, B
130, 10, 35500, G
130, 10, 419100, D
130, 11, 31001700, B
130, 11, 39200, G
130, 11, 455900, D
130, 12, 61676600, B
130, 12, 41400, G
130, 12, 467300, D
130, 13, 134919800, B
130, 13, 37200, G
130, 13, 503800, D
130, 14, 290248900, B
130, 14, 40900, G
130, 14, 556000, D
130, 15, 606908500, B
130, 15, 46000, G
130, 15, 620500, D
130, 16, 1300039600, B
130, 16, 39800, G
130, 16, 562400, D
130, 17, 2704178100, B
130, 17, 49000, G
130, 17, 696500, D
130, 18, 5765849700, B
130, 18, 41900, G
130, 18, 652900, D
140, 10, 14290500, B
140, 10, 35200, G
140, 10, 423000, D
140, 11, 30188800, B
140, 11, 29400, G
140, 11, 405200, D
140, 12, 62478400, B
140, 12, 35100, G
140, 12, 493000, D
140, 13, 141186700, B
140, 13, 38400, G
140, 13, 563000, D
140, 14, 295276400, B
140, 14, 37400, G
140, 14, 567100, D
140, 15, 617929900, B
140, 15, 39500, G
140, 15, 624500, D
140, 16, 1320358900, B
140, 16, 40500, G
140, 16, 676300, D
140, 17, 2775286500, B
140, 17, 48500, G
140, 17, 801600, D
140, 18, 5827180900, B
140, 18, 44400, G
140, 18, 763000, D
150, 10, 14455900, B
150, 10, 38600, G
150, 10, 474600, D
150, 11, 31110900, B
150, 11, 40000, G
150, 11, 536800, D
150, 12, 64414000, B
150, 12, 38400, G
150, 12, 536900, D
150, 13, 142877900, B
150, 13, 41200, G
150, 13, 598200, D
150, 14, 295028500, B
150, 14, 46200, G
150, 14, 635100, D
150, 15, 624818900, B
150, 15, 40100, G
150, 15, 653600, D
150, 16, 1317806100, B
150, 16, 50100, G
150, 16, 781300, D
150, 17, 2747803400, B
150, 17, 43900, G
150, 17, 743800, D
150, 18, 5840238200, B
150, 18, 46100, G
150, 18, 823200, D
160, 10, 15614400, B
160, 10, 42100, G
160, 10, 544600, D
160, 11, 34282600, B
160, 11, 43300, G
160, 11, 595700, D
160, 12, 67440400, B
160, 12, 38200, G
160, 12, 567300, D
160, 13, 140810200, B
160, 13, 42300, G
160, 13, 676600, D
160, 14, 293437600, B
160, 14, 39700, G
160, 14, 677100, D
160, 15, 629673300, B
160, 15, 44700, G
160, 15, 713300, D
160, 16, 1299895700, B
160, 16, 44300, G
160, 16, 744000, D
160, 17, 2750648300, B
160, 17, 44500, G
160, 17, 825400, D
160, 18, 6004465800, B
160, 18, 48800, G
160, 18, 915700, D
170, 10, 13076900, B
170, 10, 45100, G
170, 10, 521800, D
170, 11, 29635300, B
170, 11, 43000, G
170, 11, 559800, D
170, 12, 64802000, B
170, 12, 41300, G
170, 12, 627800, D
170, 13, 142857800, B
170, 13, 43300, G
170, 13, 658500, D
170, 14, 303356200, B
170, 14, 48600, G
170, 14, 727200, D
170, 15, 625719500, B
170, 15, 48000, G
170, 15, 786600, D
170, 16, 1330271100, B
170, 16, 48400, G
170, 16, 824800, D
170, 17, 2766271700, B
170, 17, 44800, G
170, 17, 862200, D
170, 18, 5795055700, B
170, 18, 49000, G
170, 18, 910600, D
180, 10, 14529800, B
180, 10, 37100, G
180, 10, 560800, D
180, 11, 33259100, B
180, 11, 41000, G
180, 11, 630700, D
180, 12, 64354200, B
180, 12, 42200, G
180, 12, 639800, D
180, 13, 138017400, B
180, 13, 42700, G
180, 13, 885800, D
180, 14, 297194500, B
180, 14, 44300, G
180, 14, 758700, D
180, 15, 634408200, B
180, 15, 45800, G
180, 15, 816500, D
180, 16, 1348660700, B
180, 16, 47500, G
180, 16, 881200, D
180, 17, 2751243700, B
180, 17, 44500, G
180, 17, 880800, D
180, 18, 5832512700, B
180, 18, 45800, G
180, 18, 926600, D
190, 10, 14379800, B
190, 10, 40100, G
190, 10, 582600, D
190, 11, 31680700, B
190, 11, 38100, G
190, 11, 651800, D
190, 12, 68118200, B
190, 12, 41500, G
190, 12, 718500, D
190, 13, 137758800, B
190, 13, 53400, G
190, 13, 737600, D
190, 14, 297532300, B
190, 14, 51500, G
190, 14, 849900, D
190, 15, 638393100, B
190, 15, 50800, G
190, 15, 896400, D
190, 16, 1303769500, B
190, 16, 47200, G
190, 16, 900800, D
190, 17, 2876023300, B
190, 17, 54700, G
190, 17, 1039900, D
190, 18, 5971691900, B
190, 18, 48400, G
190, 18, 987200, D
200, 10, 13931900, B
200, 10, 38700, G
200, 10, 525200, D
200, 11, 31661100, B
200, 11, 37200, G
200, 11, 580900, D
200, 12, 63019700, B
200, 12, 41100, G
200, 12, 732700, D
200, 13, 146130900, B
200, 13, 48900, G
200, 13, 835300, D
200, 14, 301718600, B
200, 14, 46200, G
200, 14, 861500, D
200, 15, 640326700, B
200, 15, 46800, G
200, 15, 873700, D
200, 16, 1326688500, B
200, 16, 38200, G
200, 16, 774800, D
200, 17, 2788025000, B
200, 17, 49300, G
200, 17, 1007000, D
200, 18, 5866770700, B
200, 18, 51700, G
200, 18, 1075100, D
